   0.00   0.00   1.00   4.00   0.00     67.590     68.620     76.800
   0.00   0.00   0.00   9.00   0.00     68.860     70.936     84.780
   0.00   0.00   1.00   5.00   0.00     58.120     59.465     72.110
   0.00   0.00   0.00   2.00   0.00     15.790     13.750     23.680
   0.00   0.00   1.00   3.00   0.00     24.020     34.033     34.547
   0.00   0.00   1.00   5.00   0.00    129.460    137.377    137.850
   0.00   0.00   0.00   1.00   0.00     30.130     42.450     44.100
   0.00   0.00   1.00   5.00   0.00     31.290     36.790     24.800
   0.00   0.00   0.00   2.00   0.00    127.640    127.571    134.670
   0.00   2.00   0.00   3.00   0.00     24.710     29.945     28.070
   0.00   0.00   0.00   2.00   0.00     32.150     41.358     41.857
   0.00   0.00   1.00   2.00   0.00     17.900     32.393     28.790
   0.00   0.00   0.00   2.00   0.00     97.280    111.764     97.166
   0.00   0.00   0.00   1.00   0.00     21.460     11.923     24.280
   0.00   0.00   1.00   4.00   0.00    129.310    137.680    130.400
   0.00   0.00   1.00   5.00   0.00     39.000     53.493     49.890
   0.00   0.00   0.00   3.00   0.00     37.360     47.183     40.180
   0.00   0.00   0.00   1.00   0.00     17.670     23.339     16.090
   0.00   0.00   0.00   3.00   0.00     15.560     25.442     15.100
   0.00   0.00   1.00   5.00   0.00     28.190     34.150     23.280
   0.00   0.00   1.00   6.00   0.00     30.570     36.683     29.500
   0.00   0.00   1.00   7.00   0.00    147.670    154.022    147.178
   0.00   0.00   1.00   2.00   0.00     28.410     29.009     34.900
   0.00   0.00   0.00   4.00   0.00     52.300     52.454     57.600
   0.00   0.00   0.00   3.00   0.00     19.520     29.533     30.047
   0.00   0.00   0.00   2.00   0.00     36.070     40.583     28.600
   0.00   0.00   0.00   4.00   0.00    102.360    104.502     98.738
   0.00   0.00   0.00   5.00   0.00     35.530     41.694     25.647
   0.00   0.00   1.00   4.00   0.00     37.030     49.350     51.000
   0.00   0.00   0.00   5.00   0.00     53.130     54.613     59.800
   0.00   0.00   0.00   3.00   0.00     78.090     94.700     89.255
   0.00   0.00   0.00   2.00   0.00     25.560     28.417     33.880
   0.00   0.00   0.00   4.00   0.00     28.500     32.873     23.147
   0.00   0.00   0.00   4.00   0.00     23.270     38.904     35.000
   0.00   0.00   0.00   1.00   0.00     18.870     34.504     30.600
   0.00   0.00   0.00   3.00   0.00     38.940     50.342     42.200
   0.00   0.00   1.00   3.00   0.00     64.130     70.294     57.900
   0.00   0.00   1.00   4.00   0.00     44.190     34.750     48.680
   0.00   0.00   1.00   1.00   0.00    230.040    216.420    226.620
   0.00   0.00   1.00   6.00   0.00    104.540    109.320     98.080
   0.00   0.00   1.00   5.00   0.00     51.950     71.750     44.220
   0.00   0.00   0.00   3.00   0.00     48.310     51.107     47.567
   0.00   0.00   0.00   3.00   0.00     28.830     29.614     36.529
   0.00   0.00   0.00   2.00   0.00     38.790     45.725     38.767
   0.00   0.00   0.00   3.00   0.00    104.540    106.420     97.880
   0.00   0.00   1.00   3.00   0.00     17.200     22.600     10.200
   0.00   0.00   0.00   4.00   0.00     86.350     86.857     81.160
   0.00   0.00   1.00   3.00   0.00     31.850     35.125     26.350
   0.00   3.00   1.00   4.00   0.00     33.590     39.090     27.980
   0.00   0.00   1.00   4.00   0.00     71.930     73.694     68.647
   0.00   0.00   0.00   7.00   0.00     65.160     68.677     62.100
   0.00   0.00   0.00   2.00   0.00     30.390     44.617     30.280
   0.00   0.00   0.00   4.00   0.00    116.850    120.125    112.755
   0.00   0.00   0.00   3.00   0.00     43.280     46.366     36.917
   0.00   0.00   1.00   5.00   0.00     28.560     33.685     23.840
   0.00   0.00   0.00   3.00   0.00     69.070     71.897     64.040
   0.00   0.00   1.00   5.00   0.00     39.980     43.066     35.346
   0.00   0.00   0.00   9.00   0.00      4.340      7.530      6.400
   0.00   0.00   0.00   4.00   0.00    103.680    105.733     97.980
   0.00   0.00   1.00   3.00   0.00    138.280    143.724    127.200
   0.00   3.00   1.00   8.00   0.00     34.190     37.567     29.890
   0.00   1.00   0.00   3.00   0.00     18.690     19.900     14.620
   0.00   0.00   1.00   9.00   0.00    143.080    148.033    137.767
   0.00   0.00   1.00   4.00   0.00     45.000     47.770     42.930
   0.00   0.00   1.00   3.00   0.00     30.360     40.821     33.290
   0.00   0.00   0.00   3.00   0.00     30.140     35.750     19.367
   0.00   0.00   0.00   7.00   0.00     37.800     40.355     33.735
   0.00   0.00   1.00   9.00   0.00     54.240     60.280     51.160
   0.00   0.00   1.00   3.00   0.00     30.700     39.483     32.480
   0.00   0.00   1.00   9.00   0.00     50.870     51.693     48.667
   0.00   0.00   0.00   7.00   0.00     68.060     70.202     64.438
   0.00   0.00   1.00   3.00   0.00     51.140     55.920     44.680
   0.00   1.00   0.00   4.00   0.00     61.970     66.313     57.860
   0.00   0.00   0.00   3.00   0.00     55.190     57.330     51.480
   0.00   1.00   0.00   7.00   0.00    356.720    358.163    350.390
   0.00   0.00   1.00   4.00   0.00     31.450     41.533     28.150
   0.00   5.00   1.00   5.00   0.00     19.050     22.737     14.405
   0.00   3.00   1.00   8.00   0.00     38.920     49.667     29.250
   0.00   0.00   1.00   3.00   0.00     67.850     78.457     61.580
   0.00   0.00   1.00   9.00   0.00     50.510     53.307     46.170
   0.00   0.00   0.00   1.00   0.00     44.690     49.650     39.580
   0.00   0.00   0.00   3.00   0.00     49.370     53.883     43.947
   0.00   0.00   0.00   1.00   0.00     66.500     71.900     60.700
   0.00   0.00   0.00   5.00   0.00     53.270     62.434     45.575
   0.00   0.00   0.00   1.00   0.00     28.960     37.683     26.647
   0.00   0.00   1.00   6.00   0.00    182.960    196.451    176.917
   0.00   0.00   0.00   3.00   0.00     87.560    100.147     87.840
   0.00   0.00   0.00   4.00   0.00     51.890     67.070     47.160
   0.00   0.00   0.00   4.00   0.00     24.630     34.750     17.480
   0.00   0.00   0.00   3.00   0.00    349.060    357.140    343.920
   0.00   0.00   1.00   5.00   0.00     28.810     33.377     23.900
   0.00   0.00   0.00   3.00   0.00     67.040     80.207     67.360
   0.00   0.00   1.00   5.00   0.00     62.150     65.557     57.160
   0.00   0.00   0.00   4.00   0.00    214.530    202.050    207.560
   0.00   0.00   0.00   3.00   0.00    149.180    164.762    139.400
   0.00   0.00   0.00   5.00   0.00    131.440    145.880    123.960
   0.00   0.00   0.00   1.00   0.00     47.550     55.360     45.240
   0.00   0.00   0.00   6.00   0.00     28.450     39.164     25.037
   0.00   0.00   0.00   3.00   0.00     59.910     69.160     56.747
   0.00   0.00   1.00   2.00   0.00     67.020     78.147     70.060
   0.00   0.00   1.00   7.00   0.00     39.160     45.777     37.890
   0.00   0.00   0.00   3.00   0.00     83.140     97.066     82.589
   0.00   0.00   0.00   3.00   0.00     78.040     91.207     78.360
   0.00   0.00   0.00   3.00   0.00     49.350     59.980     49.589
   0.00   0.00   0.00   6.00   0.00     31.490     42.388     34.257
   0.00   0.00   0.00   3.00   0.00     53.210     58.240     50.480
   0.00   0.00   0.00   3.00   0.00     71.610     84.527     71.087
   0.00   0.00   0.00   1.00   0.00     31.120     44.867     31.480
   0.00   0.00   0.00   3.00   0.00    102.050    112.680    102.289
   0.00   0.00   0.00   1.00   0.00     25.230     30.540     25.340
   0.00   0.00   1.00   3.00   0.00     64.090     84.770     63.320
   0.00   0.00   0.00   4.00   0.00     21.340     31.650     21.600
   0.00   0.00   0.00   4.00   0.00     41.130     52.133     41.427
   0.00   0.00   0.00   2.00   0.00     32.300     43.650     32.509
   0.00   0.00   0.00   4.00   0.00     33.260     40.127     33.800
   0.00   0.00   0.00   4.00   0.00     17.370     28.121     20.590
   0.00   3.00   0.00   6.00   0.00     42.520     46.313     37.127
   0.00   0.00   0.00   2.00   0.00     49.350     59.980     48.489
   0.00   0.00   0.00   1.00   0.00     19.320     30.250     20.130
   0.00   0.00   0.00   4.00   0.00     45.100     44.606     55.447
   0.00   0.00   0.00   3.00   0.00     19.410     29.975     22.055
   0.00   0.00   0.00   4.00   0.00     81.890     86.290     74.300
   0.00   0.00   1.00   4.00   0.00     45.110     46.590     51.940
   0.00   0.00   0.00   4.00   0.00     15.140     26.888     18.757
   0.00   0.00   0.00   4.00   0.00     31.370     35.883     23.000
   0.00   0.00   0.00   3.00   0.00     19.950     30.696     27.470
   0.00   0.00   1.00   3.00   0.00     94.000    106.480     95.020
   0.00   0.00   1.00   3.00   0.00     13.190     22.283     15.280
   0.00   0.00   0.00   9.00   0.00     70.950     56.973     73.380
   0.00   0.00   0.00   2.00   0.00     25.830     38.883     22.030
   0.00   0.00   0.00   2.00   0.00     21.610     28.750     22.100
   0.00   0.00   0.00   6.00   0.00     29.630     47.450     34.030
   0.00   0.00   0.00   1.00   0.00     13.240     24.312     23.118
   0.00   0.00   0.00   3.00   0.00     20.230     28.950     20.920
   0.00   0.00   0.00   4.00   0.00     31.260     44.567     25.460
   0.00   0.00   0.00   2.00   0.00     69.100     79.960     66.420
   0.00   0.00   1.00   2.00   0.00    151.240    160.080    148.760
   0.00   0.00   0.00   1.00   0.00     19.460     28.183     17.147
   0.00   0.00   0.00   2.00   0.00     49.190     57.773     46.947
   0.00   0.00   1.00   6.00   0.00     70.800     89.880     63.900
   0.00   0.00   0.00   2.00   0.00      9.011     12.161      9.191
   0.00   0.00   0.00   3.00   0.00    101.990    156.550     88.680
   0.00   0.00   0.00   9.00   0.00     53.850     65.628     50.800
   0.00   0.00   0.00   2.00   0.00     16.620     36.350     10.430
   0.00   0.00   0.00   2.00   0.00     40.140     46.174     38.480
   0.00   0.00   0.00   5.00   0.00     50.450     53.420     47.260
   0.00   0.00   0.00   2.00   0.00     18.250     23.603     15.827
   0.00   0.00   0.00   8.00   0.00     27.360     29.257     24.660
   0.00   0.00   0.00   4.00   0.00     59.960     62.102     56.338
   0.00   0.00   0.00   4.00   0.00     29.790     40.036     38.950
   0.00   0.00   0.00   4.00   0.00      7.290     18.696     13.100
   0.00   0.00   0.00   2.00   0.00     43.770     48.250     45.380
   0.00   0.00   0.00   2.00   0.00     17.340     29.367     28.047
   0.00   0.00   1.00   3.00   0.00      7.500     20.071     13.786
   0.00   0.00   0.00   9.00   0.00     44.850     67.840     43.237
   0.00   0.00   0.00   3.00   0.00     31.700     30.682     37.496
   0.00   0.00   0.00   3.00   0.00     64.220     82.117     59.700
   0.00   0.00   1.00   3.00   0.00     38.360     47.083     36.047
   0.00   0.00   0.00   1.00   0.00     21.620     28.517     19.750
   0.00   1.00   0.00   3.00   0.00     41.700     41.010     39.580
   0.00   0.00   0.00   5.00   0.00     48.590     59.150     45.840
   0.00   0.00   1.00   5.00   0.00     41.790     52.350     39.040
   0.00   0.00   0.00   3.00   0.00     19.520     26.417     17.650
   0.00   0.00   0.00   2.00   0.00     52.660     73.117     63.547
   0.00   0.00   0.00   2.00   0.00    126.430    136.720    132.767
   0.00   0.00   0.00   2.00   0.00     26.090     38.190     32.580
   0.00   0.00   0.00   3.00   0.00     40.160     45.583     34.547
   0.00   0.00   1.00   3.00   0.00    127.330    144.050    118.640
   0.00   0.00   1.00   9.00   0.00     52.700     67.350     56.680
   0.00   0.00   1.00   3.00   0.00    168.680    147.860    162.920
   0.00   0.00   0.00   7.00   0.00     33.560     20.467     33.447
   0.00   0.00   0.00   2.00   0.00      9.730     19.557     18.127
   0.00   0.00   0.00   2.00   0.00     75.580     91.060     74.880
   0.00   0.00   1.00   4.00   0.00    108.190    133.875    108.080
   0.00   0.00   0.00   3.00   0.00     34.790     55.250     34.680
   0.00   0.00   0.00   4.00   0.00     28.310     41.080     28.227
   0.00   3.00   1.00   5.00   0.00    493.770    491.547    491.049
   0.00   0.00   0.00   4.00   0.00     53.310     62.321     50.874
   0.00   0.00   1.00   3.00   0.00     56.100     67.450     56.309
   0.00   0.00   0.00   2.00   0.00     40.230     51.317     42.480
   0.00   0.00   1.00   9.00   0.00     32.780     48.406     36.500
   0.00   0.00   0.00   1.00   0.00     24.480     38.964     24.366
   0.00   0.00   0.00   5.00   0.00     34.420     44.983     34.607
   0.00   0.00   0.00   3.00   0.00    329.120    336.389    328.177
   0.00   0.00   0.00   2.00   0.00     34.240     44.983     33.200
   0.00   0.00   1.00   3.00   0.00    165.890     81.850     70.980
   0.00   0.00   0.00   4.00   0.00     34.430     43.161     34.569
   0.00   0.00   1.00   4.00   0.00     51.290     63.610     48.980
   0.00   0.00   1.00   7.00   0.00     17.590     24.300     17.810
   0.00   3.00   1.00   6.00   0.00     37.990     43.490     34.580
   0.00   0.00   0.00   3.00   0.00    195.840    202.953    196.480
   0.00   0.00   0.00   1.00   0.00     17.730     26.250     26.737
   0.00   0.00   0.00   9.00   0.00     19.770     24.140     22.297
   0.00   0.00   0.00   3.00   0.00     82.490     89.090     77.100
   0.00   0.00   1.00   3.00   0.00     32.550     46.630     44.980
   0.00   3.00   0.00   3.00   0.00     27.140     35.057     35.500
   0.00   0.00   1.00   2.00   0.00     30.700     45.850     35.180
   0.00   0.00   0.00   1.00   0.00     11.920     19.672     11.080
   0.00   0.00   0.00   3.00   0.00     57.250     62.547     52.920
   0.00   0.00   1.00   9.00   0.00     70.790     76.510     73.980
   0.00   0.00   1.00   3.00   0.00     33.680     41.683     31.560
   0.00   0.00   0.00   3.00   0.00     53.950     55.573     45.847
   0.00   0.00   0.00   4.00   0.00     25.890     32.783     27.247
   0.00   2.00   0.00   3.00   0.00     36.860     49.067     47.747
   0.00   0.00   0.00   4.00   0.00     35.180     44.183     28.066
   0.00   0.00   0.00   5.00   0.00     27.960     33.383     23.447
   0.00   0.00   1.00   5.00   0.00     42.530     54.383     42.600
   0.00   0.00   0.00   3.00   0.00     84.830     91.533     84.560
   0.00   0.00   0.00   3.00   0.00     47.280     58.283     41.010
   0.00   0.00   0.00   1.00   0.00     34.460     33.040     39.400
   0.00   0.00   0.00   2.00   0.00     25.190     37.290     31.680
   0.00   0.00   0.00   4.00   0.00    262.560    261.610    262.395
   0.00   0.00   1.00   9.00   0.00     77.230     82.080     74.067
   0.00   0.00   0.00   4.00   0.00     16.960     24.583     14.647
   0.00   0.00   0.00   4.00   0.00     25.710     21.233     34.947
   0.00   0.00   0.00   4.00   0.00    118.200    123.590    116.880
   0.00   3.00   1.00   5.00   0.00     26.880     26.955     25.010
   0.00   0.00   0.00   4.00   0.00     35.160     50.750     40.080
   0.00   0.00   0.00   4.00   0.00     12.320     19.755     19.040
   0.00   0.00   0.00   3.00   0.00     12.620     21.109     16.909
   0.00   0.00   1.00   3.00   0.00     31.600     56.283     38.280
   0.00   0.00   0.00   3.00   0.00     83.490     84.517     92.730
   0.00   4.00   0.00   8.00   0.00    111.420    104.980    108.040
   0.00   2.00   0.00   6.00   0.00     70.030     75.350     65.400
   0.00   1.00   1.00   5.00   0.00     36.070     49.383     35.047
   0.00   1.00   0.00   4.00   0.00     60.700     71.380     59.600
   0.00   0.00   1.00   4.00   0.00     28.290     40.610     26.420
   0.00   0.00   0.00   3.00   0.00     16.650     29.850     22.480
   0.00   0.00   0.00   3.00   0.00     50.040     63.167     61.847
   0.00   0.00   0.00   2.00   0.00     34.880     42.180     32.768
   0.00   0.00   1.00   6.00   0.00     57.320     53.357     64.247
   0.00   0.00   0.00   4.00   0.00     16.820     26.687     25.780
   0.00   4.00   0.00   3.00   0.00     35.710     31.233     44.947
   0.00   0.00   1.00   3.00   0.00    105.770    111.213     97.627
   0.00   0.00   0.00   3.00   0.00     32.140     42.388     34.257
   0.00   2.00   0.00   6.00   0.00     42.880     47.800     32.700
   0.00   0.00   1.00   4.00   0.00     70.950     72.835     68.500
   0.00   0.00   0.00   2.00   0.00     44.190     49.140     47.380
   0.00   0.00   0.00   4.00   0.00     29.150     25.930     35.535
   0.00   0.00   1.00   3.00   0.00     51.450     47.710     61.680
   0.00   0.00   0.00   3.00   0.00     24.020     33.337     20.467
   0.00   0.00   0.00   4.00   0.00     41.020     51.767     31.930
   0.00   0.00   0.00   4.00   0.00     32.320     39.025     30.100
   0.00   0.00   0.00   3.00   0.00     26.480     34.983     18.600
   0.00   0.00   1.00   6.00   0.00    118.940    113.000    120.892
   0.00   0.00   1.00   3.00   0.00     78.570     88.413     78.787
   0.00   0.00   0.00   3.00   0.00     25.430     29.417     21.157
   0.00   0.00   0.00   5.00   0.00     48.530     56.313     41.260
   0.00   0.00   1.00   6.00   0.00     28.060     38.621     31.094
   0.00   0.00   1.00   9.00   0.00    108.410    112.811    105.478
   0.00   0.00   0.00   2.00   0.00     46.770     56.303     55.300
   0.00   0.00   0.00   3.00   0.00     41.620     50.433     50.190
   0.00   0.00   0.00   5.00   0.00     32.960     42.050     34.020
   0.00   0.00   0.00   2.00   0.00     51.170     53.560     47.940
   0.00   0.00   1.00   9.00   0.00    166.030    177.500    161.470
   0.00   0.00   1.00   4.00   0.00     23.580     31.817     20.900
   0.00   4.00   0.00   2.00   0.00     54.340     68.180     54.660
   0.00   0.00   0.00   5.00   0.00     89.510     95.329     84.976
   0.00   0.00   1.00   1.00   0.00    125.320    142.960    124.420
   0.00   0.00   0.00   1.00   0.00    217.270    236.780    217.617
   0.00   0.00   0.00   2.00   0.00     38.820     50.667     42.380
   0.00   0.00   0.00   3.00   0.00     34.120     51.283     33.460
   0.00   0.00   0.00   2.00   0.00     77.500     94.000     77.940
   0.00   0.00   0.00   3.00   0.00     33.300     48.920     28.680
   0.00   0.00   0.00   2.00   0.00     14.420     15.267     23.660
   0.00   0.00   0.00   3.00   0.00     34.280     45.850     30.600
   0.00   4.00   0.00   1.00   0.00     14.290     21.000     15.200
   0.00   0.00   1.00   3.00   0.00     77.130     94.302     77.538
   0.00   0.00   0.00   4.00   0.00     16.120     25.803     24.800
   0.00   0.00   0.00   4.00   0.00     47.490     51.366     40.817
   0.00   0.00   1.00   1.00   0.00     40.190     37.550     42.280
   0.00   0.00   0.00   2.00   0.00     35.100     41.890     29.900
   0.00   0.00   0.00   3.00   0.00     16.480     24.228     18.447
   0.00   0.00   1.00   7.00   0.00     26.170     33.287     24.680
   0.00   0.00   1.00   3.00   0.00     32.490     43.650     45.180
   0.00   0.00   1.00   5.00   0.00     36.020     49.517     28.947
   0.00   0.00   0.00   3.00   0.00     24.400     29.650     21.000
   0.00   3.00   1.00   4.00   0.00     32.530     34.983     34.030
   0.00   0.00   0.00   2.00   0.00     40.900     57.400     41.340
   0.00   1.00   1.00   4.00   0.00     44.550     55.717     48.710
   0.00   0.00   0.00   2.00   0.00     77.690     35.450     95.180
   0.00   0.00   0.00   4.00   0.00     24.300     33.100     18.000
   0.00   0.00   0.00   3.00   0.00     25.970     39.065     29.240
   0.00   0.00   0.00   1.00   0.00     15.900     25.483     17.010
   0.00   0.00   0.00   4.00   0.00     38.460     50.850     36.500
   0.00   2.00   0.00   3.00   0.00     30.390     36.736     26.537
   0.00   0.00   0.00   3.00   0.00     12.840     27.710     13.520
   0.00   0.00   0.00   1.00   0.00     63.500     69.740     60.820
   0.00   2.00   1.00   3.00   0.00     35.970     42.083     33.797
   0.00   0.00   0.00   1.00   0.00     15.420     16.267     24.660
   0.00   0.00   0.00   7.00   0.00     30.100     39.983     29.680
   0.00   0.00   1.00   4.00   0.00     89.850    103.600     84.350
   0.00   0.00   0.00   4.00   0.00     48.500     59.250     51.580
   0.00   0.00   0.00   3.00   0.00     29.100     37.737     25.417
   0.00   0.00   0.00   3.00   0.00     23.130     32.003     25.862
   0.00   1.00   1.00   4.00   0.00     19.070      9.289     20.900
   0.00   0.00   0.00   5.00   0.00     99.500    112.815     98.505
   0.00   0.00   0.00   3.00   0.00      7.560     15.350      8.805
   0.00   0.00   0.00   4.00   0.00     30.390     52.500     43.205
   0.00   0.00   0.00   4.00   0.00     60.360     59.190     67.700
   0.00   0.00   1.00   4.00   0.00     40.290     38.383     47.500
   0.00   0.00   0.00   1.00   0.00     14.920     29.250     18.580
   0.00   0.00   1.00   4.00   0.00     16.220     26.775     18.855
   0.00   0.00   0.00   2.00   0.00     51.140     64.280     54.360
   0.00   0.00   0.00   3.00   0.00     25.190     35.167     23.300
   0.00   3.00   1.00   4.00   0.00    129.320    129.473    136.320
   0.00   0.00   0.00   1.00   0.00     13.870     27.917     19.080
   0.00   3.00   1.00   4.00   0.00     22.960     33.517     24.680
   0.00   4.00   0.00   3.00   0.00     28.970     41.950     18.080
   0.00   0.00   0.00   5.00   0.00    118.230    120.447    112.970
   0.00   0.00   0.00   4.00   0.00     21.890     28.490     14.600
   0.00   0.00   1.00   3.00   0.00     26.620     37.550     27.430
   0.00   4.00   1.00   2.00   0.00     48.580     60.850     53.480
   0.00   0.00   0.00   3.00   0.00     25.390     33.603     32.610
   0.00   0.00   0.00   2.00   0.00     30.440     26.183     28.127
   0.00   0.00   0.00   3.00   0.00     26.620     36.303     35.310
   0.00   0.00   1.00   8.00   0.00     52.490     56.950     47.537
   0.00   0.00   0.00   1.00   0.00     48.870     65.340     48.280
   0.00   0.00   0.00   1.00   0.00     15.690     25.673     18.880
   0.00   0.00   0.00   1.00   0.00    126.230    136.109    127.446
   0.00   0.00   0.00   3.00   0.00     18.390     13.550     28.480
   0.00   5.00   0.00   3.00   0.00     32.770     52.950     33.205
   0.00   0.00   0.00   2.00   0.00     27.800     28.383     35.167
   0.00   0.00   1.00   6.00   0.00     77.110     90.027     76.587
   0.00   0.00   0.00   4.00   0.00     36.890     48.990     43.380
   0.00   0.00   0.00   2.00   0.00     28.190     39.483     31.010
   0.00   0.00   1.00   5.00   0.00     16.960     37.200      9.700
   0.00   1.00   1.00   7.00   0.00     82.860     94.107     78.409
   0.00   0.00   0.00   3.00   0.00     59.480     65.594     56.147
   0.00   0.00   1.00   3.00   0.00     74.150     80.940     75.980
   0.00   0.00   0.00   3.00   0.00     44.520     59.340     48.880
   0.00   0.00   0.00   3.00   0.00     33.820     38.750     29.750
   0.00   5.00   0.00   3.00   0.00     26.490     31.127     22.488
   0.00   0.00   0.00   4.00   0.00     30.570     44.067     28.600
   0.00   0.00   1.00   5.00   0.00     36.090     50.170     30.260
   0.00   0.00   0.00   1.00   0.00     17.760     24.406     20.458
   0.00   0.00   0.00   3.00   0.00     37.090     40.907     32.207
   0.00   0.00   1.00   5.00   0.00     29.820     39.593     30.966
   0.00   0.00   1.00   6.00   0.00     37.130     43.294     35.800
   0.00   2.00   1.00   6.00   0.00     41.020     47.040     31.080
   0.00   3.00   0.00   4.00   0.00     26.990     31.550     19.480
   0.00   0.00   1.00   5.00   0.00     33.080     42.917     34.080
   0.00   0.00   1.00   3.00   0.00     21.320     30.417     21.580
   0.00   0.00   0.00   5.00   0.00     72.370     71.947     72.290
   0.00   0.00   0.00   8.00   0.00     38.070     52.817     30.047
   0.00   0.00   0.00   5.00   0.00     75.570     88.400     73.700
   0.00   0.00   0.00   4.00   0.00     35.070     37.460     31.840
   0.00   0.00   0.00   3.00   0.00     28.300     33.950     23.080
   0.00   0.00   0.00   3.00   0.00     13.090     30.250     22.200
   0.00   0.00   0.00   3.00   0.00     25.390     42.770     21.980
   0.00   0.00   1.00   1.00   0.00    147.360    151.317    143.580
   0.00   0.00   0.00   5.00   0.00     43.250     58.650     46.880
   0.00   0.00   1.00   3.00   0.00     48.690     53.973     43.147
   0.00   0.00   1.00   9.00   0.00     70.310     73.107     65.970
   0.00   1.00   0.00   3.00   0.00    133.340    130.567    141.327
   0.00   0.00   1.00   5.00   0.00     26.300     36.083     26.147
   0.00   0.00   0.00   4.00   0.00     41.700     44.750     31.220
   0.00   0.00   1.00   4.00   0.00     14.420     27.917     19.080
   0.00   0.00   1.00   5.00   0.00     32.000     35.520     29.360
   0.00   4.00   0.00   6.00   0.00     20.590     25.650     25.320
   0.00   0.00   0.00   3.00   0.00     18.100     33.150     25.780
   0.00   0.00   1.00   9.00   0.00     38.090     40.950     34.460
   0.00   0.00   0.00   5.00   0.00     20.390     37.367     33.100
   0.00   0.00   1.00   6.00   0.00     29.000     43.050     32.380
   0.00   0.00   1.00   3.00   0.00     98.010    102.713     93.527
   0.00   3.00   0.00   3.00   0.00     26.800     31.950     19.880
   0.00   0.00   1.00   3.00   0.00     46.240     45.813     53.347
   0.00   0.00   1.00   5.00   0.00     70.650     72.207     65.070
   0.00   0.00   0.00   7.00   0.00     47.760     65.935     41.726
   0.00   0.00   0.00   3.00   0.00     30.390     45.570     26.300
   0.00   0.00   1.00   6.00   0.00     30.300     35.117     24.300
   0.00   0.00   1.00   9.00   0.00     24.250     27.220     21.060
   0.00   0.00   0.00   4.00   0.00     36.400     37.783     43.247
   0.00   0.00   0.00   2.00   0.00     37.210     39.713     30.300
   0.00   0.00   0.00   1.00   0.00     71.930     75.993     67.887
   0.00   5.00   0.00   3.00   0.00     65.440     69.940     65.200
   0.00   0.00   1.00   4.00   0.00     57.240     62.480     52.360
   0.00   0.00   0.00   4.00   0.00     30.080     39.850     31.200
   0.00   0.00   1.00   4.00   0.00     15.990     27.350     25.880
   0.00   0.00   0.00   2.00   0.00    211.230    219.280    213.485
   0.00   0.00   0.00   4.00   0.00     13.350     24.536     23.450
   0.00   0.00   0.00   4.00   0.00     24.550     40.300     34.855
   0.00   0.00   0.00   5.00   0.00    118.600    122.727    113.580
   0.00   0.00   0.00   3.00   0.00      8.550     25.050     14.380
   0.00   0.00   0.00   4.00   0.00     24.570     31.477     23.590
   0.00   3.00   0.00   7.00   0.00     59.760     69.020     56.340
   0.00   0.00   0.00   4.00   0.00     44.040     46.547     39.267
   0.00   0.00   0.00   3.00   0.00     46.990     58.650     45.780
   0.00   0.00   0.00   3.00   0.00    100.260     93.758    102.427
   0.00   0.00   1.00   5.00   0.00     58.410     64.272     52.136
   0.00   0.00   1.00   3.00   0.00     29.690     43.550     19.240
   0.00   3.00   1.00   4.00   0.00     25.490     49.250     17.020
   0.00   0.00   0.00   3.00   0.00     26.390     43.990     28.480
   0.00   0.00   0.00   3.00   0.00     36.210     49.517     38.847
   0.00   0.00   0.00   3.00   0.00     11.730     25.961     21.158
   0.00   0.00   0.00   9.00   0.00     31.600     39.227     31.013
   0.00   0.00   0.00   6.00   0.00      9.380     17.128     11.347
   0.00   0.00   0.00   3.00   0.00     54.090     60.910     41.880
   0.00   0.00   0.00   1.00   0.00     36.020     42.577     34.690
   0.00   0.00   0.00   4.00   0.00     23.820     46.606     40.820
   0.00   0.00   0.00   4.00   0.00     44.330     45.135     39.190
   0.00   0.00   0.00   5.00   0.00      8.710     17.003     10.860
   0.00   0.00   1.00   6.00   0.00     30.100     60.150     38.480
   0.00   0.00   0.00   3.00   0.00     16.830     25.350     21.437
   0.00   0.00   0.00   5.00   0.00      7.720      9.793      5.700
   0.00   0.00   0.00   9.00   0.00    176.760    153.660    178.800
   0.00   0.00   1.00   9.00   0.00     50.410     59.279     49.709
   0.00   3.00   0.00   8.00   0.00     33.270     37.783     27.847
   0.00   0.00   1.00   5.00   0.00     38.090     51.510     37.320
   0.00   0.00   1.00   3.00   0.00     70.670     79.027     66.230
   0.00   0.00   0.00   4.00   0.00     37.490     51.050     36.780
   0.00   3.00   1.00   4.00   0.00    113.860    118.060    107.360
   0.00   0.00   0.00   2.00   0.00     92.940    108.500     88.900
   0.00   0.00   0.00   3.00   0.00     51.600     61.080     51.160
   0.00   0.00   0.00   4.00   0.00     50.100     54.150     39.740
   0.00   0.00   1.00   5.00   0.00     91.220    101.613     86.740
   0.00   0.00   0.00   3.00   0.00     13.190     24.117     15.280
   1.00   4.00   1.00   4.00   0.00     41.490     49.250     37.180
   1.00   3.00   1.00   6.00   0.00     43.710     28.750     48.880
   1.00   5.00   0.00   3.00   0.00     93.510    102.373     90.000
   1.00   1.00   0.00   2.00   0.00     31.830     35.350     41.800
   1.00   3.00   0.00   2.00   0.00    122.500    122.647    120.060
   1.00   4.00   0.00   3.00   0.00    103.840     93.880    113.000
   1.00   3.00   1.00   4.00   0.00     93.420     87.305    107.360
   1.00   4.00   1.00   4.00   0.00     38.360     45.250     36.291
   1.00   2.00   0.00   2.00   0.00     24.240     33.883     20.647
   1.00   3.00   1.00   9.00   0.00     50.800     75.000     42.440
   1.00   2.00   1.00   5.00   0.00    139.220    155.140    139.180
   1.00   3.00   1.00   4.00   0.00     39.190     39.850     34.680
   1.00   4.00   0.00   4.00   0.00     21.850     26.183     18.447
   1.00   4.00   1.00   3.00   0.00     68.670     70.840     52.130
   1.00   3.00   0.00   3.00   0.00     30.910     21.165     34.188
   1.00   5.00   1.00   5.00   0.00     37.300     44.840     32.180
   1.00   1.00   0.00   6.00   0.00     41.820     45.500     30.980
   1.00   1.00   0.00   4.00   0.00     27.190     37.750     23.780
   1.00   2.00   0.00   3.00   0.00     12.740     18.350     19.780
   1.00   4.00   0.00   4.00   0.00    108.640    118.857    184.086
   1.00   4.00   1.00   8.00   0.00     38.940     36.680     38.860
   1.00   4.00   0.00   3.00   0.00     60.040     65.480     53.800
   1.00   3.00   0.00   3.00   0.00     16.970     23.494     19.547
   1.00   5.00   1.00   4.00   0.00    122.630    123.840    106.505
   1.00   3.00   0.00   4.00   0.00     68.390     68.147     65.560
   1.00   4.00   0.00   6.00   0.00     71.960     84.220     69.840
   1.00   4.00   0.00   2.00   0.00    129.480    124.200    128.600
   1.00   3.00   1.00   3.00   0.00    118.700    116.413    124.827
   1.00   4.00   0.00   3.00   0.00     45.000     57.250     53.380
   1.00   3.00   0.00   3.00   0.00     19.290     35.350     33.480
   1.00   4.00   1.00   5.00   0.00     63.300     67.240     54.460
   1.00   4.00   0.00   4.00   0.00    128.590    137.784    124.636
   1.00   2.00   0.00   6.00   0.00     50.420     44.340     56.247
   1.00   3.00   1.00   4.00   0.00    103.520    109.540     99.080
   1.00   4.00   0.00   4.00   0.00     36.520     31.317     33.660
   1.00   3.00   1.00   3.00   0.00     48.270     48.307     46.280
   1.00   1.00   0.00   2.00   0.00     36.810     50.117     37.060
   1.00   5.00   0.00   2.00   0.00     43.000     56.450     52.160
   1.00   4.00   0.00   4.00   0.00     38.750     43.150     37.760
   1.00   4.00   1.00   8.00   0.00     45.690     50.090     38.100
   1.00   2.00   1.00   6.00   0.00     71.970     73.013     70.867
   1.00   4.00   1.00   5.00   0.00     91.920     99.780     87.200
   1.00   5.00   0.00   8.00   0.00     61.440     70.940     56.800
   1.00   5.00   1.00   3.00   0.00     33.950     41.450     39.580
   1.00   1.00   0.00   2.00   0.00     47.840     55.920     43.360
   1.00   4.00   1.00   3.00   0.00     75.920     73.507     83.200
   1.00   4.00   1.00   3.00   0.00     35.090     44.550     29.480
   1.00   3.00   1.00   3.00   0.00     23.930     28.872     25.536
   1.00   3.00   1.00   3.00   0.00    138.840    148.680    132.160
   1.00   3.00   1.00   3.00   0.00    100.670     98.597    110.127
   1.00   5.00   0.00   3.00   0.00     16.740     21.707     20.675
   1.00   5.00   1.00   4.00   0.00     86.260     96.620     85.480
   1.00   5.00   0.00   6.00   0.00     16.920     18.861     17.358
   1.00   1.00   0.00   3.00   0.00     20.540     29.267     16.947
   1.00   4.00   1.00   5.00   0.00     74.590     91.750     70.300
   1.00   5.00   0.00   3.00   0.00     99.110     92.067     99.027
   1.00   1.00   1.00   9.00   0.00     82.500     92.000     82.247
   1.00   2.00   1.00   6.00   0.00     91.580     99.878     90.265
   1.00   1.00   1.00   9.00   0.00     60.560     60.750     64.747
   1.00   5.00   0.00   2.00   0.00     61.490     66.040     57.190
   1.00   3.00   0.00   2.00   0.00     75.710     73.554     85.700
   1.00   1.00   0.00   5.00   0.00     42.890     38.940     50.300
   1.00   1.00   0.00   4.00   0.00     89.860     89.320     87.100
   1.00   3.00   1.00   9.00   0.00    271.090    278.520    276.470
   1.00   5.00   1.00   4.00   0.00     21.900     25.083     28.347
   1.00   3.00   1.00   3.00   0.00     52.330     64.917     56.080
   1.00   1.00   0.00   7.00   0.00     70.640     78.280     72.760
   1.00   2.00   1.00   4.00   0.00     37.570     43.550     34.713
   2.00   4.00   1.00   3.00   0.00     79.120     77.047     73.727
   2.00   5.00   0.00   2.00   0.00     82.970     74.480     86.927
   2.00   3.00   0.00   2.00   0.00     28.980     17.107     31.140
   2.00   3.00   0.00   3.00   0.00     22.590     23.126     29.280
   2.00   5.00   0.00   5.00   0.00     65.920     75.500     60.600
   2.00   4.00   1.00   3.00   0.00     57.890     40.950     62.180
   2.00   4.00   0.00   2.00   0.00     85.120     94.857    103.400
   2.00   3.00   0.00   3.00   0.00     19.770     13.500     20.980
   2.00   3.00   0.00   2.00   0.00     29.790     30.267     38.480
   2.00   3.00   0.00   5.00   0.00     73.500     78.200     71.000
   2.00   3.00   0.00   3.00   0.00     15.400     10.117     17.047
   2.00   4.00   0.00   3.00   0.00     81.630     72.467     85.300
   2.00   5.00   0.00   3.00   0.00    119.560    117.650    117.980
   2.00   3.00   0.00   4.00   0.00     22.540     25.767     16.930
   2.00   5.00   0.00   2.00   0.00    105.880    113.800    121.407
   2.00   2.00   0.00   2.00   0.00     45.690     42.697     55.690
   2.00   4.00   1.00   4.00   0.00     29.970     40.167     34.080
   2.00   3.00   1.00   4.00   0.00     31.470     46.604     25.949
   2.00   4.00   0.00   2.00   0.00     40.200     35.775     41.605
   2.00   3.00   1.00   6.00   0.00    127.600    131.973    122.247
   2.00   1.00   0.00   3.00   0.00     21.490     29.693     28.450
   2.00   3.00   1.00   4.00   0.00     22.800     39.650     17.980
   2.00   5.00   0.00   3.00   0.00     82.740     81.414     81.600
   2.00   5.00   0.00   3.00   0.00     55.670     47.771     54.960
   2.00   2.00   0.00   5.00   0.00     21.800     27.140     16.900
   2.00   2.00   0.00   3.00   0.00     39.980     41.893     32.210
   2.00   4.00   1.00   5.00   0.00     32.360     46.583     32.600
   2.00   3.00   1.00   5.00   0.00     74.020     96.806     91.000
   2.00   5.00   0.00   3.00   0.00     45.090     51.981     43.646
   2.00   3.00   0.00   3.00   0.00     80.210     74.515     85.819
   2.00   3.00   1.00   8.00   0.00     61.790     62.450     57.280
   2.00   2.00   0.00   9.00   0.00     74.540     66.780     84.140
   2.00   5.00   1.00   5.00   0.00     57.390     60.250     57.280
   2.00   1.00   0.00   3.00   0.00     31.000     39.590     22.347
   2.00   3.00   0.00   4.00   0.00    180.040    186.580    172.480
   2.00   3.00   0.00   2.00   0.00     37.240     57.450     40.180
   2.00   2.00   1.00   3.00   0.00     90.490     86.540     97.930
   2.00   4.00   0.00   3.00   0.00     74.360     53.900     70.860
   3.00   5.00   0.00   7.00   0.00     24.060     21.729     30.659
   3.00   1.00   0.00   1.00   0.00     26.550     18.850     37.660
   3.00   4.00   1.00   2.00   0.00     79.820     83.783     78.800
   3.00   5.00   0.00   4.00   0.00     24.990     25.717     21.200
   3.00   3.00   1.00   2.00   0.00     93.490     91.050    100.700
   3.00   3.00   0.00   1.00   0.00     44.410     57.667     47.260
   3.00   5.00   1.00   3.00   1.00     44.250     40.583     45.167
   3.00   3.00   0.00   2.00   0.00     90.290     76.637     93.840
   3.00   3.00   0.00   2.00   0.00     25.200     22.540     30.080
   3.00   3.00   1.00   5.00   0.00    125.120     96.137    120.500
   3.00   5.00   1.00   6.00   0.00     68.240     74.413     65.227
   3.00   3.00   1.00   4.00   0.00     74.120     64.800     73.160
   3.00   1.00   1.00   6.00   0.00     56.950     58.050     68.060
   3.00   5.00   1.00   6.00   0.00     35.840     43.450     36.905
   3.00   4.00   0.00   5.00   0.00    119.550    117.554    116.083
   3.00   3.00   0.00   4.00   0.00     16.590     16.150     27.300
   3.00   2.00   0.00   4.00   1.00     50.400     37.200     55.200
   3.00   4.00   1.00   3.00   0.00     38.920     27.312     42.870
   3.00   3.00   1.00   4.00   0.00     36.010     39.600     32.358
   3.00   3.00   0.00   4.00   0.00     36.790     18.200     43.280
   3.00   5.00   1.00   9.00   0.00     74.280     79.233     68.967
   3.00   4.00   0.00   7.00   0.00     24.690     12.150     28.980
   3.00   3.00   1.00   5.00   0.00     37.670     41.583     34.580
   3.00   4.00   0.00   5.00   0.00     43.790     39.988     38.315
   3.00   3.00   0.00   3.00   0.00     42.270     36.550     51.620
   3.00   3.00   1.00   3.00   0.00     44.180     49.094     42.865
   3.00   3.00   1.00   4.00   0.00    158.920    162.430    155.260
   3.00   3.00   1.00   2.00   0.00     64.100     61.590     63.505
   3.00   1.00   1.00   4.00   0.00     44.410     39.933     53.647
   3.00   5.00   1.00   5.00   0.00     81.140     88.230     71.710
   3.00   5.00   1.00   4.00   0.00     71.410      8.057     66.740
   3.00   3.00   0.00   3.00   0.00     23.090     18.250     24.630
   3.00   3.00   0.00   3.00   0.00     50.650     56.680     49.987
   3.00   3.00   0.00   3.00   0.00     48.820     41.830     50.060
   4.00   3.00   1.00   3.00   0.00    134.110    140.509    141.589
   4.00   5.00   0.00   3.00   0.00     35.370     40.867     36.027
   4.00   0.00   1.00   7.00   0.00    118.860    113.396    111.736
   4.00   3.00   0.00   4.00   0.00     50.190     34.350     54.480
   4.00   3.00   0.00   9.00   0.00     69.320     77.540     61.800
   4.00   2.00   1.00   6.00   0.00     89.970    106.467     79.300
   4.00   2.00   0.00   1.00   0.00     44.880     42.236     65.820
   4.00   4.00   1.00   5.00   0.00     68.670     73.950     65.920
   4.00   3.00   0.00   4.00   0.00     39.010     32.183     48.247
   4.00   3.00   1.00   3.00   1.00     88.280     83.000     87.400
   4.00   1.00   0.00   2.00   0.00     36.550     31.050     47.660
   4.00   4.00   0.00   5.00   0.00     66.360     71.896     59.236
   4.00   4.00   0.00   4.00   0.00     27.200     47.600     28.200
   4.00   3.00   0.00   9.00   0.00    173.910    170.394    182.470
   4.00   4.00   0.00   4.00   0.00     21.420     16.767     28.347
   4.00   2.00   0.00   2.00   1.00     36.180     18.140     35.300
   4.00   5.00   1.00   2.00   0.00    133.140    129.937    136.140
   5.00   5.00   0.00   4.00   1.00     98.300    110.400     89.700
   5.00   3.00   0.00   3.00   0.00     27.700     22.317     35.100
   5.00   5.00   0.00   1.00   0.00     64.180     56.360     63.100
   5.00   3.00   0.00   1.00   0.00     21.680     13.693     23.450
   5.00   4.00   0.00   6.00   0.00     75.940     55.255     82.460
   5.00   2.00   1.00   4.00   0.00     76.960     73.150     84.300
   5.00   1.00   0.00   5.00   1.00    125.030    113.887    127.087
   5.00   3.00   1.00   5.00   0.00    128.660    140.188    123.498
   5.00   3.00   0.00   3.00   0.00     26.440     21.306     38.500
   5.00   3.00   0.00   3.00   0.00     43.920     44.807     39.358
   5.00   3.00   0.00   4.00   0.00     35.790     29.850     44.260
   5.00   4.00   1.00   9.00   0.00    276.990    262.080    288.460
   5.00   4.00   1.00   4.00   0.00     39.050     43.883     36.147
   6.00   3.00   0.00   3.00   0.00     29.190     17.233     19.690
   6.00   2.00   1.00   5.00   0.00     41.860     36.393     49.290
   6.00   4.00   0.00   3.00   0.00     72.180     82.023     71.317
   6.00   4.00   0.00   5.00   0.00     41.850     52.913     42.016
   6.00   3.00   1.00   3.00   0.00     59.800     52.865     62.798
   6.00   3.00   1.00   3.00   0.00     54.690     59.833     49.800
   6.00   1.00   1.00   4.00   0.00     85.170     80.897     93.890
   6.00   5.00   1.00   4.00   0.00     92.510    107.847     80.327
   6.00   5.00   0.00   3.00   0.00     68.140     67.557     75.980
   6.00   3.00   0.00   3.00   0.00     37.940     32.223     39.447
   6.00   5.00   1.00   6.00   0.00     46.520     51.950     32.930
   7.00   5.00   0.00   3.00   0.00     27.690     24.650     37.780
   7.00   2.00   1.00   4.00   0.00     41.190     40.200     46.180
   8.00   3.00   1.00   4.00   0.00     57.340     60.763     53.590
   8.00   1.00   0.00   4.00   0.00     19.370     14.350     28.247
   8.00   5.00   0.00   2.00   0.00     36.990     34.717     44.947
   8.00   3.00   0.00   6.00   0.00     14.220     11.033     25.100
   8.00   3.00   1.00   4.00   0.00     30.040     21.075     32.680
   8.00   4.00   0.00   5.00   0.00     22.500     24.741     21.165
   8.00   4.00   0.00   5.00   0.00     35.890     28.117     36.500
   8.00   5.00   1.00   5.00   0.00     77.660     91.333     74.827
   9.00   5.00   1.00   2.00   0.00     40.480     37.562     47.380
  10.00   3.00   1.00   2.00   0.00     40.320     36.264     48.200
  10.00   3.00   1.00   2.00   0.00     42.490     30.317     45.130
  10.00   3.00   1.00   5.00   0.00     37.500     28.088     39.418
  10.00   3.00   0.00   1.00   0.00     42.570     30.000     44.547
  10.00   5.00   0.00   5.00   0.00     23.690     21.710     26.880
  10.00   4.00   1.00   3.00   0.00     79.940     85.800     73.260
  10.00   2.00   0.00   2.00   0.00     31.560     25.040     42.080
  10.00   1.00   0.00   5.00   0.00     28.880     19.007     30.650
  10.00   4.00   0.00   3.00   0.00     58.410     55.583     67.647
  10.00   5.00   1.00   5.00   0.00    103.810     81.100    102.790
  10.00   5.00   1.00   4.00   0.00     67.240     72.680     71.850
  10.00   4.00   1.00   6.00   0.00     77.890     73.930     86.580
  10.00   4.00   0.00   3.00   0.00     84.440     76.967     84.360
  11.00   4.00   1.00   5.00   0.00     45.530     40.817     49.700
  11.00   5.00   0.00   5.00   0.00    111.260    110.957    108.900
  12.00   5.00   0.00   3.00   0.00     44.050     39.900     49.855
  12.00   5.00   0.00   3.00   0.00     21.440     20.158     28.100
  12.00   4.00   0.00   2.00   0.00     49.690     48.700     46.830
  12.00   4.00   1.00   3.00   0.00     36.560     23.283     39.000
  12.00   5.00   1.00   5.00   0.00    111.390    119.214    109.309
  15.00   2.00   0.00   2.00   0.00     22.570     16.300     26.310
  15.00   0.00   1.00   3.00   0.00     58.300     57.280     56.700
  15.00   1.00   0.00   5.00   0.00     24.720     19.800     31.647
  15.00   4.00   0.00   4.00   0.00     24.080     21.163     30.980
  15.00   5.00   0.00   3.00   0.00     62.790     48.155     72.610
  15.00   5.00   1.00   4.00   0.00     77.840     85.480     72.260
  15.00   3.00   0.00   3.00   0.00     30.050     23.983     42.400
  15.00   3.00   1.00   5.00   1.00     73.840     65.357     88.929
  15.00   3.00   1.00   4.00   0.00     24.920     20.338     31.020
  15.00   3.00   1.00   3.00   0.00     86.140     76.075     98.680
  15.00   4.00   0.00   3.00   0.00     18.520     15.550     24.020
  15.00   3.00   0.00   4.00   0.00     49.640     40.800     60.360
  15.00   4.00   0.00   4.00   0.00     78.990     68.396     84.800
  15.00   3.00   0.00   1.00   0.00     27.760     12.172     31.310
  16.00   3.00   1.00   4.00   1.00     57.230     47.325     59.287
  20.00   2.00   0.00   3.00   1.00     14.180      4.767     15.889
  20.00   5.00   1.00   4.00   0.00     36.380     27.607     38.150
  20.00   4.00   0.00   3.00   1.00     61.170     37.944     62.389
  25.00   3.00   0.00   2.00   1.00     29.780      8.325     32.800
  25.00   4.00   0.00   3.00   0.00     17.720     12.712     25.900
  25.00   4.00   0.00   3.00   0.00     24.850     11.650     27.380
  26.00   3.00   1.00   3.00   0.00     58.010     59.123     66.560
  30.00   4.00   0.00   2.00   0.00     81.510     55.783     82.990
  30.00   3.00   1.00   3.00   1.00     56.160     48.089     68.620
  30.00   4.00   1.00   3.00   0.00     52.570     39.838     57.297
  40.00   5.00   1.00   5.00   1.00     25.630     18.916     29.684
  40.00   3.00   1.00   3.00   0.00     18.460     13.330     25.800
  40.00   2.00   1.00   4.00   0.00     58.840     47.000     62.760
  50.00   4.00   1.00   4.00   0.00     35.670     25.694     37.269
  88.00   2.00   0.00   2.00   0.00     22.490      6.210     25.460 

